stglib/tests/data/mc3575.asc
* Sea-Bird SBE37 Data File:
* FileName = C:\Users\STG FIELD\data\CCB21\mc3575\mc3575.asc
* Software Version 1.59
* Temperature SN = 3575
* Conductivity SN = 3575
* System UpLoad Time = Apr 12 2021 19:38:00
** Temperature (C)
** Conductivity (S/m)
** Salinity (psu)
*END*
[from data line 3842]
  2.9248, 2.89114,  31.7268, 03-22-2021, 07:55:06
  2.9227, 2.89103,  31.7275, 03-22-2021, 08:00:06
  2.9205, 2.89083,  31.7273, 03-22-2021, 08:05:06
  2.9200, 2.89072,  31.7264, 03-22-2021, 08:10:06
  2.9189, 2.89067,  31.7269, 03-22-2021, 08:15:06
  2.9193, 2.89062,  31.7259, 03-22-2021, 08:20:06
  2.9167, 2.89052,  31.7272, 03-22-2021, 08:25:06
  2.9164, 2.89040,  31.7261, 03-22-2021, 08:30:06
  2.9160, 2.89040,  31.7265, 03-22-2021, 08:35:06
  2.9142, 2.89026,  31.7266, 03-22-2021, 08:40:06
  2.9139, 2.89024,  31.7266, 03-22-2021, 08:45:06
  2.9149, 2.89024,  31.7256, 03-22-2021, 08:50:06
  2.9141, 2.89025,  31.7265, 03-22-2021, 08:55:06
  2.9159, 2.89028,  31.7251, 03-22-2021, 09:00:06
  2.9161, 2.89037,  31.7260, 03-22-2021, 09:05:06
  2.9141, 2.89030,  31.7271, 03-22-2021, 09:10:06
  2.9167, 2.89032,  31.7248, 03-22-2021, 09:15:06
  2.9151, 2.89033,  31.7265, 03-22-2021, 09:20:06
  2.9152, 2.89026,  31.7256, 03-22-2021, 09:25:06
  2.9149, 2.89029,  31.7262, 03-22-2021, 09:30:06
  2.9153, 2.89036,  31.7267, 03-22-2021, 09:35:06
  2.9161, 2.89045,  31.7270, 03-22-2021, 09:40:06
  2.9178, 2.89051,  31.7260, 03-22-2021, 09:45:06
  2.9189, 2.89051,  31.7250, 03-22-2021, 09:50:06
  2.9171, 2.89056,  31.7273, 03-22-2021, 09:55:06
  2.9198, 2.89062,  31.7254, 03-22-2021, 10:00:06
  2.9182, 2.89062,  31.7270, 03-22-2021, 10:05:06
  2.9186, 2.89064,  31.7268, 03-22-2021, 10:10:06
  2.9207, 2.89069,  31.7254, 03-22-2021, 10:15:06
  2.9201, 2.89073,  31.7264, 03-22-2021, 10:20:06
  2.9223, 2.89081,  31.7252, 03-22-2021, 10:25:06
  2.9229, 2.89089,  31.7256, 03-22-2021, 10:30:06
  2.9232, 2.89090,  31.7254, 03-22-2021, 10:35:06
  2.9234, 2.89092,  31.7255, 03-22-2021, 10:40:06
  2.9235, 2.89087,  31.7248, 03-22-2021, 10:45:06
  2.9268, 2.89100,  31.7231, 03-22-2021, 10:50:06
  2.9297, 2.89125,  31.7232, 03-22-2021, 10:55:06
  2.9320, 2.89148,  31.7238, 03-22-2021, 11:00:06
  2.9344, 2.89164,  31.7233, 03-22-2021, 11:05:06
  2.9370, 2.89166,  31.7210, 03-22-2021, 11:10:06
  2.9360, 2.89169,  31.7224, 03-22-2021, 11:15:06
  2.9388, 2.89164,  31.7190, 03-22-2021, 11:20:06
  2.9373, 2.89168,  31.7210, 03-22-2021, 11:25:06
  2.9394, 2.89177,  31.7200, 03-22-2021, 11:30:06
  2.9407, 2.89176,  31.7186, 03-22-2021, 11:35:06
  2.9413, 2.89184,  31.7190, 03-22-2021, 11:40:06
  2.9421, 2.89187,  31.7185, 03-22-2021, 11:45:06
  2.9427, 2.89192,  31.7185, 03-22-2021, 11:50:06
  2.9463, 2.89209,  31.7170, 03-22-2021, 11:55:06
  2.9458, 2.89216,  31.7184, 03-22-2021, 12:00:06
  2.9481, 2.89234,  31.7183, 03-22-2021, 12:05:06
  2.9493, 2.89254,  31.7195, 03-22-2021, 12:10:06
  2.9535, 2.89255,  31.7155, 03-22-2021, 12:15:06
  2.9544, 2.89270,  31.7164, 03-22-2021, 12:20:06
  2.9557, 2.89277,  31.7160, 03-22-2021, 12:25:06
  2.9577, 2.89293,  31.7160, 03-22-2021, 12:30:06
  2.9593, 2.89317,  31.7173, 03-22-2021, 12:35:06
  2.9581, 2.89331,  31.7202, 03-22-2021, 12:40:06
  2.9649, 2.89355,  31.7164, 03-22-2021, 12:45:06
  2.9662, 2.89386,  31.7188, 03-22-2021, 12:50:06
  2.9709, 2.89419,  31.7182, 03-22-2021, 12:55:06
  2.9721, 2.89448,  31.7205, 03-22-2021, 13:00:06
  2.9808, 2.89489,  31.7169, 03-22-2021, 13:05:06
  2.9880, 2.89516,  31.7131, 03-22-2021, 13:10:06
  2.9930, 2.89554,  31.7127, 03-22-2021, 13:15:06
  2.9920, 2.89573,  31.7160, 03-22-2021, 13:20:06
  2.9944, 2.89606,  31.7176, 03-22-2021, 13:25:06
  2.9941, 2.89634,  31.7213, 03-22-2021, 13:30:06
  2.9980, 2.89641,  31.7183, 03-22-2021, 13:35:06
  3.0038, 2.89662,  31.7151, 03-22-2021, 13:40:06
  3.0070, 2.89677,  31.7138, 03-22-2021, 13:45:06
  3.0223, 2.89694,  31.7008, 03-22-2021, 13:50:06
  3.0085, 2.89737,  31.7196, 03-22-2021, 13:55:06
  3.0085, 2.89744,  31.7204, 03-22-2021, 14:00:06
  3.0130, 2.89759,  31.7178, 03-22-2021, 14:05:06
  3.0252, 2.89799,  31.7106, 03-22-2021, 14:10:06
  3.0158, 2.89826,  31.7231, 03-22-2021, 14:15:06
  3.0320, 2.89850,  31.7101, 03-22-2021, 14:20:06
  3.0327, 2.89866,  31.7113, 03-22-2021, 14:25:06
  3.0296, 2.89907,  31.7193, 03-22-2021, 14:30:06
  3.0476, 2.89912,  31.7022, 03-22-2021, 14:35:06
  3.0288, 2.89952,  31.7255, 03-22-2021, 14:40:06
  3.0408, 2.90000,  31.7195, 03-22-2021, 14:45:06
  3.0587, 2.90035,  31.7061, 03-22-2021, 14:50:06
  3.0472, 2.90014,  31.7149, 03-22-2021, 14:55:06
  3.0433, 2.89981,  31.7148, 03-22-2021, 15:00:06
  3.0367, 2.89957,  31.7184, 03-22-2021, 15:05:06
  3.0398, 2.89988,  31.7191, 03-22-2021, 15:10:06
  3.0320, 2.89946,  31.7217, 03-22-2021, 15:15:06
  3.0325, 2.89913,  31.7172, 03-22-2021, 15:20:06
  3.0333, 2.89946,  31.7204, 03-22-2021, 15:25:06
  3.0385, 2.89935,  31.7139, 03-22-2021, 15:30:06
  3.0341, 2.89933,  31.7180, 03-22-2021, 15:35:06
  3.0358, 2.89934,  31.7165, 03-22-2021, 15:40:06
  3.0435, 2.89988,  31.7154, 03-22-2021, 15:45:06
  3.0435, 2.89987,  31.7153, 03-22-2021, 15:50:06
  3.0405, 2.90004,  31.7203, 03-22-2021, 15:55:06
  3.0450, 2.90034,  31.7195, 03-22-2021, 16:00:06
  3.0468, 2.90037,  31.7181, 03-22-2021, 16:05:06
  3.0530, 2.90019,  31.7098, 03-22-2021, 16:10:06
  3.0548, 2.90035,  31.7100, 03-22-2021, 16:15:06
  3.0536, 2.90045,  31.7123, 03-22-2021, 16:20:06
  3.0509, 2.90028,  31.7130, 03-22-2021, 16:25:06
  3.0526, 2.90030,  31.7115, 03-22-2021, 16:30:06
  3.0526, 2.90018,  31.7101, 03-22-2021, 16:35:06
  3.0531, 2.90037,  31.7119, 03-22-2021, 16:40:06
  3.0508, 2.90022,  31.7123, 03-22-2021, 16:45:06
  3.0509, 2.90022,  31.7122, 03-22-2021, 16:50:06
  3.0512, 2.90013,  31.7109, 03-22-2021, 16:55:06
  3.0484, 2.89993,  31.7112, 03-22-2021, 17:00:06
  3.0429, 2.89969,  31.7137, 03-22-2021, 17:05:06
  3.0418, 2.89943,  31.7117, 03-22-2021, 17:10:06
  3.0412, 2.89934,  31.7112, 03-22-2021, 17:15:06
  3.0422, 2.89920,  31.7085, 03-22-2021, 17:20:06
  3.0392, 2.89927,  31.7123, 03-22-2021, 17:25:06
  3.0368, 2.89927,  31.7146, 03-22-2021, 17:30:06
  3.0376, 2.89915,  31.7124, 03-22-2021, 17:35:06
  3.0364, 2.89912,  31.7132, 03-22-2021, 17:40:06
  3.0334, 2.89908,  31.7157, 03-22-2021, 17:45:06
  3.0330, 2.89887,  31.7136, 03-22-2021, 17:50:06
  3.0279, 2.89891,  31.7191, 03-22-2021, 17:55:06
  3.0259, 2.89857,  31.7169, 03-22-2021, 18:00:06
  3.0246, 2.89833,  31.7153, 03-22-2021, 18:05:06
  3.0241, 2.89818,  31.7140, 03-22-2021, 18:10:06
  3.0198, 2.89824,  31.7190, 03-22-2021, 18:15:06
  3.0193, 2.89772,  31.7132, 03-22-2021, 18:20:06
  3.0199, 2.89758,  31.7109, 03-22-2021, 18:25:06
  3.0174, 2.89749,  31.7122, 03-22-2021, 18:30:06
  3.0161, 2.89746,  31.7132, 03-22-2021, 18:35:06
  3.0171, 2.89743,  31.7118, 03-22-2021, 18:40:06
  3.0128, 2.89740,  31.7157, 03-22-2021, 18:45:06
  3.0113, 2.89708,  31.7133, 03-22-2021, 18:50:06
  3.0099, 2.89700,  31.7137, 03-22-2021, 18:55:06
  3.0107, 2.89696,  31.7125, 03-22-2021, 19:00:06
  3.0106, 2.89707,  31.7139, 03-22-2021, 19:05:06
  3.0125, 2.89712,  31.7126, 03-22-2021, 19:10:06
  3.0163, 2.89737,  31.7119, 03-22-2021, 19:15:06
  3.0136, 2.89739,  31.7148, 03-22-2021, 19:20:06
  3.0150, 2.89735,  31.7129, 03-22-2021, 19:25:06
  3.0122, 2.89747,  31.7171, 03-22-2021, 19:30:06
  3.0117, 2.89727,  31.7152, 03-22-2021, 19:35:06
  3.0100, 2.89721,  31.7162, 03-22-2021, 19:40:06
  3.0120, 2.89718,  31.7138, 03-22-2021, 19:45:06
  3.0110, 2.89733,  31.7166, 03-22-2021, 19:50:06
  3.0095, 2.89724,  31.7170, 03-22-2021, 19:55:06
  3.0099, 2.89724,  31.7166, 03-22-2021, 20:00:06
  3.0072, 2.89712,  31.7178, 03-22-2021, 20:05:06
  3.0081, 2.89692,  31.7145, 03-22-2021, 20:10:06
  3.0046, 2.89691,  31.7179, 03-22-2021, 20:15:06
  3.0038, 2.89676,  31.7168, 03-22-2021, 20:20:06
  3.0046, 2.89670,  31.7153, 03-22-2021, 20:25:06
  3.0069, 2.89678,  31.7140, 03-22-2021, 20:30:06
  3.0058, 2.89690,  31.7166, 03-22-2021, 20:35:06
  2.9989, 2.89662,  31.7200, 03-22-2021, 20:40:06
  3.0004, 2.89634,  31.7151, 03-22-2021, 20:45:06
  2.9960, 2.89624,  31.7182, 03-22-2021, 20:50:06
  2.9990, 2.89627,  31.7156, 03-22-2021, 20:55:06
  2.9975, 2.89621,  31.7164, 03-22-2021, 21:00:06
  2.9930, 2.89615,  31.7201, 03-22-2021, 21:05:06
  2.9929, 2.89584,  31.7165, 03-22-2021, 21:10:06
  2.9897, 2.89571,  31.7180, 03-22-2021, 21:15:06
  2.9903, 2.89549,  31.7148, 03-22-2021, 21:20:06
  2.9900, 2.89556,  31.7159, 03-22-2021, 21:25:06
  2.9874, 2.89547,  31.7174, 03-22-2021, 21:30:06
  2.9814, 2.89521,  31.7202, 03-22-2021, 21:35:06
  2.9827, 2.89485,  31.7145, 03-22-2021, 21:40:06
  2.9791, 2.89471,  31.7164, 03-22-2021, 21:45:06
  2.9789, 2.89454,  31.7145, 03-22-2021, 21:50:06
  2.9750, 2.89433,  31.7158, 03-22-2021, 21:55:06
  2.9727, 2.89432,  31.7180, 03-22-2021, 22:00:06
  2.9696, 2.89413,  31.7188, 03-22-2021, 22:05:06
  2.9675, 2.89396,  31.7188, 03-22-2021, 22:10:06
  2.9670, 2.89376,  31.7168, 03-22-2021, 22:15:06
  2.9681, 2.89371,  31.7151, 03-22-2021, 22:20:06
  2.9666, 2.89366,  31.7160, 03-22-2021, 22:25:06
  2.9700, 2.89362,  31.7122, 03-22-2021, 22:30:06
  2.9652, 2.89349,  31.7153, 03-22-2021, 22:35:06
  2.9632, 2.89338,  31.7160, 03-22-2021, 22:40:06
  2.9644, 2.89323,  31.7130, 03-22-2021, 22:45:06
  2.9605, 2.89313,  31.7156, 03-22-2021, 22:50:06
  2.9620, 2.89299,  31.7125, 03-22-2021, 22:55:06
  2.9618, 2.89297,  31.7124, 03-22-2021, 23:00:06
  2.9593, 2.89285,  31.7134, 03-22-2021, 23:05:06
  2.9601, 2.89259,  31.7095, 03-22-2021, 23:10:06
  2.9558, 2.89254,  31.7131, 03-22-2021, 23:15:06
  2.9550, 2.89238,  31.7120, 03-22-2021, 23:20:06
  2.9518, 2.89212,  31.7120, 03-22-2021, 23:25:06
  2.9409, 2.89179,  31.7187, 03-22-2021, 23:30:06
  2.9399, 2.89137,  31.7146, 03-22-2021, 23:35:06
  2.9401, 2.89137,  31.7144, 03-22-2021, 23:40:06
  2.9354, 2.89119,  31.7169, 03-22-2021, 23:45:06
  2.9354, 2.89110,  31.7158, 03-22-2021, 23:50:06
  2.9358, 2.89109,  31.7153, 03-22-2021, 23:55:06
  2.9351, 2.89075,  31.7119, 03-23-2021, 00:00:06
  2.9339, 2.89069,  31.7123, 03-23-2021, 00:05:06
  2.9339, 2.89092,  31.7151, 03-23-2021, 00:10:06
  2.9347, 2.89092,  31.7143, 03-23-2021, 00:15:06
  2.9336, 2.89099,  31.7163, 03-23-2021, 00:20:06
  2.9329, 2.89094,  31.7163, 03-23-2021, 00:25:06
  2.9330, 2.89102,  31.7172, 03-23-2021, 00:30:06
  2.9319, 2.89098,  31.7178, 03-23-2021, 00:35:06
  2.9309, 2.89086,  31.7173, 03-23-2021, 00:40:06
  2.9288, 2.89080,  31.7187, 03-23-2021, 00:45:06
  2.9291, 2.89072,  31.7174, 03-23-2021, 00:50:06
  2.9278, 2.89076,  31.7192, 03-23-2021, 00:55:06
  2.9287, 2.89079,  31.7187, 03-23-2021, 01:00:06
  2.9285, 2.89065,  31.7172, 03-23-2021, 01:05:06
  2.9294, 2.89069,  31.7168, 03-23-2021, 01:10:06
  2.9297, 2.89077,  31.7174, 03-23-2021, 01:15:06
  2.9303, 2.89080,  31.7172, 03-23-2021, 01:20:06
  2.9310, 2.89077,  31.7162, 03-23-2021, 01:25:06
  2.9306, 2.89087,  31.7178, 03-23-2021, 01:30:06
  2.9337, 2.89102,  31.7165, 03-23-2021, 01:35:06
  2.9342, 2.89115,  31.7176, 03-23-2021, 01:40:06
  2.9318, 2.89105,  31.7188, 03-23-2021, 01:45:06
  2.9317, 2.89109,  31.7193, 03-23-2021, 01:50:06
  2.9324, 2.89107,  31.7184, 03-23-2021, 01:55:06
  2.9309, 2.89107,  31.7199, 03-23-2021, 02:00:06
  2.9315, 2.89109,  31.7195, 03-23-2021, 02:05:06
  2.9323, 2.89107,  31.7185, 03-23-2021, 02:10:06
  2.9310, 2.89107,  31.7198, 03-23-2021, 02:15:06
  2.9294, 2.89096,  31.7200, 03-23-2021, 02:20:06
  2.9317, 2.89090,  31.7170, 03-23-2021, 02:25:06
  2.9307, 2.89092,  31.7183, 03-23-2021, 02:30:06
  2.9303, 2.89097,  31.7193, 03-23-2021, 02:35:06
  2.9307, 2.89098,  31.7190, 03-23-2021, 02:40:06
  2.9308, 2.89100,  31.7191, 03-23-2021, 02:45:06
  2.9313, 2.89103,  31.7190, 03-23-2021, 02:50:06
  2.9335, 2.89114,  31.7182, 03-23-2021, 02:55:06
  2.9355, 2.89120,  31.7169, 03-23-2021, 03:00:07
  2.9355, 2.89140,  31.7193, 03-23-2021, 03:05:07
  2.9425, 2.89160,  31.7149, 03-23-2021, 03:10:07
  2.9456, 2.89188,  31.7152, 03-23-2021, 03:15:07
  2.9513, 2.89215,  31.7128, 03-23-2021, 03:20:07
  2.9512, 2.89243,  31.7163, 03-23-2021, 03:25:07
  2.9535, 2.89265,  31.7167, 03-23-2021, 03:30:07
  2.9564, 2.89298,  31.7179, 03-23-2021, 03:35:07
  2.9611, 2.89328,  31.7168, 03-23-2021, 03:40:07
  2.9634, 2.89337,  31.7157, 03-23-2021, 03:45:07
  2.9594, 2.89348,  31.7209, 03-23-2021, 03:50:07
  2.9617, 2.89336,  31.7172, 03-23-2021, 03:55:07
  2.9627, 2.89354,  31.7184, 03-23-2021, 04:00:07
  2.9634, 2.89369,  31.7195, 03-23-2021, 04:05:07
  2.9631, 2.89361,  31.7189, 03-23-2021, 04:10:07
  2.9620, 2.89357,  31.7195, 03-23-2021, 04:15:07
  2.9618, 2.89352,  31.7191, 03-23-2021, 04:20:07
  2.9603, 2.89337,  31.7187, 03-23-2021, 04:25:07
  2.9587, 2.89331,  31.7196, 03-23-2021, 04:30:07
  2.9601, 2.89333,  31.7184, 03-23-2021, 04:35:07
  2.9571, 2.89320,  31.7198, 03-23-2021, 04:40:07
  2.9604, 2.89323,  31.7169, 03-23-2021, 04:45:07
  2.9609, 2.89330,  31.7173, 03-23-2021, 04:50:07
  2.9627, 2.89331,  31.7156, 03-23-2021, 04:55:07
  2.9603, 2.89315,  31.7161, 03-23-2021, 05:00:07
  2.9590, 2.89296,  31.7151, 03-23-2021, 05:05:07
  2.9605, 2.89288,  31.7126, 03-23-2021, 05:10:07
  2.9608, 2.89281,  31.7115, 03-23-2021, 05:15:07
  2.9597, 2.89259,  31.7099, 03-23-2021, 05:20:07
  2.9579, 2.89249,  31.7104, 03-23-2021, 05:25:07
  2.9593, 2.89256,  31.7099, 03-23-2021, 05:30:07
  2.9570, 2.89245,  31.7108, 03-23-2021, 05:35:07
  2.9568, 2.89221,  31.7081, 03-23-2021, 05:40:07
  2.9576, 2.89229,  31.7083, 03-23-2021, 05:45:07
  2.9563, 2.89221,  31.7086, 03-23-2021, 05:50:07
  2.9557, 2.89216,  31.7086, 03-23-2021, 05:55:07
  2.9552, 2.89199,  31.7071, 03-23-2021, 06:00:07
  2.9539, 2.89193,  31.7076, 03-23-2021, 06:05:07
  2.9521, 2.89179,  31.7077, 03-23-2021, 06:10:07
  2.9504, 2.89181,  31.7096, 03-23-2021, 06:15:07
  2.9518, 2.89175,  31.7075, 03-23-2021, 06:20:07
  2.9532, 2.89197,  31.7088, 03-23-2021, 06:25:07
  2.9508, 2.89198,  31.7113, 03-23-2021, 06:30:07
  2.9503, 2.89193,  31.7112, 03-23-2021, 06:35:07
  2.9485, 2.89187,  31.7122, 03-23-2021, 06:40:06
  2.9485, 2.89183,  31.7117, 03-23-2021, 06:45:06
  2.9500, 2.89185,  31.7105, 03-23-2021, 06:50:06
  2.9488, 2.89191,  31.7124, 03-23-2021, 06:55:06
  2.9497, 2.89187,  31.7110, 03-23-2021, 07:00:06
  2.9498, 2.89194,  31.7118, 03-23-2021, 07:05:06
  2.9480, 2.89189,  31.7129, 03-23-2021, 07:10:06
  2.9483, 2.89188,  31.7125, 03-23-2021, 07:15:06
  2.9483, 2.89193,  31.7131, 03-23-2021, 07:20:06
  2.9490, 2.89190,  31.7121, 03-23-2021, 07:25:06
  2.9494, 2.89198,  31.7127, 03-23-2021, 07:30:06
  2.9490, 2.89203,  31.7137, 03-23-2021, 07:35:06
  2.9495, 2.89199,  31.7127, 03-23-2021, 07:40:06
  2.9504, 2.89210,  31.7131, 03-23-2021, 07:45:06
  2.9505, 2.89206,  31.7125, 03-23-2021, 07:50:06
  2.9509, 2.89210,  31.7126, 03-23-2021, 07:55:06
  2.9514, 2.89213,  31.7125, 03-23-2021, 08:00:06
  2.9515, 2.89214,  31.7125, 03-23-2021, 08:05:06
  2.9513, 2.89212,  31.7125, 03-23-2021, 08:10:06
  2.9516, 2.89205,  31.7113, 03-23-2021, 08:15:06
  2.9516, 2.89210,  31.7119, 03-23-2021, 08:20:06
  2.9511, 2.89203,  31.7116, 03-23-2021, 08:25:06
  2.9506, 2.89194,  31.7110, 03-23-2021, 08:30:06
  2.9505, 2.89183,  31.7098, 03-23-2021, 08:35:06
  2.9500, 2.89183,  31.7102, 03-23-2021, 08:40:06
  2.9518, 2.89185,  31.7087, 03-23-2021, 08:45:06
  2.9511, 2.89195,  31.7106, 03-23-2021, 08:50:06
  2.9499, 2.89187,  31.7108, 03-23-2021, 08:55:06
  2.9497, 2.89182,  31.7104, 03-23-2021, 09:00:06
  2.9497, 2.89174,  31.7094, 03-23-2021, 09:05:06
  2.9496, 2.89169,  31.7089, 03-23-2021, 09:10:06
  2.9494, 2.89168,  31.7090, 03-23-2021, 09:15:06
  2.9502, 2.89171,  31.7086, 03-23-2021, 09:20:06
  2.9515, 2.89174,  31.7077, 03-23-2021, 09:25:06
  2.9511, 2.89185,  31.7094, 03-23-2021, 09:30:06
  2.9511, 2.89173,  31.7080, 03-23-2021, 09:35:06
  2.9503, 2.89177,  31.7092, 03-23-2021, 09:40:06
  2.9498, 2.89175,  31.7095, 03-23-2021, 09:45:06
  2.9499, 2.89166,  31.7083, 03-23-2021, 09:50:06
  2.9501, 2.89165,  31.7080, 03-23-2021, 09:55:06
  2.9496, 2.89167,  31.7087, 03-23-2021, 10:00:06
  2.9508, 2.89164,  31.7072, 03-23-2021, 10:05:06
  2.9497, 2.89163,  31.7081, 03-23-2021, 10:10:06
  2.9502, 2.89159,  31.7071, 03-23-2021, 10:15:06
  2.9506, 2.89160,  31.7069, 03-23-2021, 10:20:06
  2.9507, 2.89162,  31.7070, 03-23-2021, 10:25:06
