stglib/tests/data/mc3575.asc
* Sea-Bird SBE37 Data File:
* FileName = C:\Users\STG FIELD\data\CCB21\mc3575\mc3575.asc
* Software Version 1.59
* Temperature SN = 3575
* Conductivity SN = 3575
* System UpLoad Time = Apr 12 2021 19:38:00
** Temperature (C)
** Conductivity (S/m)
** Salinity (psu)
*END*
[from data line 642]
  3.2413, 2.92644,  31.8404, 03-11-2021, 05:15:07
  3.2347, 2.92483,  31.8276, 03-11-2021, 05:20:07
  3.2051, 2.92569,  31.8671, 03-11-2021, 05:25:07
  3.2469, 2.92547,  31.8233, 03-11-2021, 05:30:07
  3.2325, 2.92511,  31.8331, 03-11-2021, 05:35:07
  3.2462, 2.92547,  31.8239, 03-11-2021, 05:40:07
  3.2177, 2.92495,  31.8458, 03-11-2021, 05:45:07
  3.1781, 2.92212,  31.8508, 03-11-2021, 05:50:07
  3.2296, 2.92396,  31.8222, 03-11-2021, 05:55:07
  3.1318, 2.92073,  31.8798, 03-11-2021, 06:00:07
  3.0960, 2.91459,  31.8411, 03-11-2021, 06:05:07
  3.1814, 2.91746,  31.7915, 03-11-2021, 06:10:07
  3.2684, 2.91989,  31.7351, 03-11-2021, 06:15:07
  3.2056, 2.92239,  31.8269, 03-11-2021, 06:20:07
  3.2015, 2.92487,  31.8608, 03-11-2021, 06:25:07
  3.2501, 2.92429,  31.8059, 03-11-2021, 06:30:07
  3.2945, 2.92663,  31.7903, 03-11-2021, 06:35:07
  3.2136, 2.92704,  31.8749, 03-11-2021, 06:40:07
  3.2063, 2.92465,  31.8534, 03-11-2021, 06:45:07
  3.2978, 2.92890,  31.8143, 03-11-2021, 06:50:07
  3.2905, 2.92845,  31.8161, 03-11-2021, 06:55:07
  3.2764, 2.92894,  31.8359, 03-11-2021, 07:00:07
  3.1956, 2.92925,  31.9193, 03-11-2021, 07:05:07
  3.2823, 2.93013,  31.8443, 03-11-2021, 07:10:07
  3.2938, 2.92908,  31.8204, 03-11-2021, 07:15:07
  3.2596, 2.92888,  31.8517, 03-11-2021, 07:20:07
  3.2845, 2.92953,  31.8350, 03-11-2021, 07:25:07
  3.2899, 2.92907,  31.8241, 03-11-2021, 07:30:07
  3.2760, 2.92782,  31.8228, 03-11-2021, 07:35:07
  3.3019, 2.92862,  31.8070, 03-11-2021, 07:40:07
  3.2511, 2.92806,  31.8502, 03-11-2021, 07:45:07
  3.2585, 2.92908,  31.8552, 03-11-2021, 07:50:07
  3.2675, 2.93028,  31.8607, 03-11-2021, 07:55:07
  3.2708, 2.92965,  31.8499, 03-11-2021, 08:00:07
  3.2904, 2.92970,  31.8312, 03-11-2021, 08:05:07
  3.2735, 2.92903,  31.8398, 03-11-2021, 08:10:07
  3.2622, 2.92901,  31.8507, 03-11-2021, 08:15:06
  3.2689, 2.92906,  31.8447, 03-11-2021, 08:20:06
  3.2567, 2.92719,  31.8343, 03-11-2021, 08:25:06
  3.2812, 2.92904,  31.8323, 03-11-2021, 08:30:06
  3.2716, 2.92905,  31.8419, 03-11-2021, 08:35:06
  3.2977, 2.92892,  31.8147, 03-11-2021, 08:40:06
  3.2776, 2.92950,  31.8414, 03-11-2021, 08:45:06
  3.2762, 2.92891,  31.8357, 03-11-2021, 08:50:06
  3.2914, 2.92929,  31.8253, 03-11-2021, 08:55:06
  3.2773, 2.92963,  31.8433, 03-11-2021, 09:00:06
  3.2903, 2.92837,  31.8154, 03-11-2021, 09:05:06
  3.2781, 2.92986,  31.8452, 03-11-2021, 09:10:06
  3.2963, 2.92953,  31.8234, 03-11-2021, 09:15:06
  3.2201, 2.92863,  31.8876, 03-11-2021, 09:20:06
  3.2790, 2.92930,  31.8376, 03-11-2021, 09:25:06
  3.2714, 2.92872,  31.8382, 03-11-2021, 09:30:06
  3.2546, 2.92764,  31.8417, 03-11-2021, 09:35:06
  3.2714, 2.92760,  31.8247, 03-11-2021, 09:40:06
  3.2423, 2.92770,  31.8546, 03-11-2021, 09:45:06
  3.2612, 2.92768,  31.8357, 03-11-2021, 09:50:06
  3.2873, 2.92752,  31.8081, 03-11-2021, 09:55:06
  3.2480, 2.92606,  31.8293, 03-11-2021, 10:00:06
  3.2745, 2.92780,  31.8241, 03-11-2021, 10:05:06
  3.2485, 2.92649,  31.8339, 03-11-2021, 10:10:06
  3.2566, 2.92680,  31.8297, 03-11-2021, 10:15:06
  3.2451, 2.92565,  31.8272, 03-11-2021, 10:20:06
  3.2497, 2.92686,  31.8372, 03-11-2021, 10:25:06
  3.2156, 2.92451,  31.8426, 03-11-2021, 10:30:06
  3.2261, 2.92563,  31.8457, 03-11-2021, 10:35:06
  3.2196, 2.92460,  31.8397, 03-11-2021, 10:40:06
  3.2288, 2.92507,  31.8363, 03-11-2021, 10:45:06
  3.2105, 2.92346,  31.8350, 03-11-2021, 10:50:06
  3.1822, 2.92495,  31.8808, 03-11-2021, 10:55:06
  3.1506, 2.92042,  31.8575, 03-11-2021, 11:00:06
  3.1646, 2.91922,  31.8292, 03-11-2021, 11:05:06
  3.1451, 2.91921,  31.8483, 03-11-2021, 11:10:06
  3.1418, 2.91809,  31.8381, 03-11-2021, 11:15:06
  3.1308, 2.91961,  31.8673, 03-11-2021, 11:20:06
  3.1736, 2.91798,  31.8054, 03-11-2021, 11:25:06
  3.1598, 2.91897,  31.8309, 03-11-2021, 11:30:06
  3.1904, 2.92042,  31.8182, 03-11-2021, 11:35:06
  3.1632, 2.91899,  31.8278, 03-11-2021, 11:40:06
  3.1450, 2.92062,  31.8654, 03-11-2021, 11:45:06
  3.1319, 2.92012,  31.8723, 03-11-2021, 11:50:06
  3.1652, 2.91981,  31.8357, 03-11-2021, 11:55:06
  3.1849, 2.91973,  31.8153, 03-11-2021, 12:00:06
  3.1875, 2.92119,  31.8303, 03-11-2021, 12:05:06
  3.1614, 2.92097,  31.8534, 03-11-2021, 12:10:06
  3.1652, 2.92052,  31.8443, 03-11-2021, 12:15:06
  3.1783, 2.92205,  31.8498, 03-11-2021, 12:20:06
  3.1969, 2.92279,  31.8403, 03-11-2021, 12:25:06
  3.1955, 2.92349,  31.8501, 03-11-2021, 12:30:06
  3.2102, 2.92359,  31.8368, 03-11-2021, 12:35:06
  3.2126, 2.92421,  31.8419, 03-11-2021, 12:40:06
  3.2115, 2.92467,  31.8485, 03-11-2021, 12:45:06
  3.2130, 2.92430,  31.8426, 03-11-2021, 12:50:06
  3.2212, 2.92411,  31.8322, 03-11-2021, 12:55:06
  3.2106, 2.92436,  31.8457, 03-11-2021, 13:00:06
  3.2174, 2.92471,  31.8432, 03-11-2021, 13:05:06
  3.2242, 2.92503,  31.8403, 03-11-2021, 13:10:06
  3.2180, 2.92511,  31.8474, 03-11-2021, 13:15:06
  3.2231, 2.92498,  31.8408, 03-11-2021, 13:20:06
  3.2317, 2.92512,  31.8340, 03-11-2021, 13:25:06
  3.2268, 2.92572,  31.8461, 03-11-2021, 13:30:06
  3.2161, 2.92480,  31.8456, 03-11-2021, 13:35:06
  3.2127, 2.92474,  31.8482, 03-11-2021, 13:40:06
  3.2124, 2.92422,  31.8422, 03-11-2021, 13:45:06
  3.2095, 2.92441,  31.8474, 03-11-2021, 13:50:06
  3.2130, 2.92422,  31.8416, 03-11-2021, 13:55:06
  3.2013, 2.92375,  31.8475, 03-11-2021, 14:00:06
  3.2060, 2.92394,  31.8452, 03-11-2021, 14:05:06
  3.2022, 2.92348,  31.8434, 03-11-2021, 14:10:06
  3.2007, 2.92321,  31.8416, 03-11-2021, 14:15:06
  3.2008, 2.92301,  31.8391, 03-11-2021, 14:20:06
  3.1949, 2.92350,  31.8508, 03-11-2021, 14:25:06
  3.1945, 2.92310,  31.8464, 03-11-2021, 14:30:06
  3.1933, 2.92293,  31.8455, 03-11-2021, 14:35:06
  3.1965, 2.92301,  31.8434, 03-11-2021, 14:40:06
  3.2052, 2.92277,  31.8319, 03-11-2021, 14:45:06
  3.1978, 2.92343,  31.8471, 03-11-2021, 14:50:06
  3.2002, 2.92296,  31.8391, 03-11-2021, 14:55:06
  3.1927, 2.92326,  31.8501, 03-11-2021, 15:00:06
  3.2032, 2.92283,  31.8346, 03-11-2021, 15:05:06
  3.2264, 2.92327,  31.8170, 03-11-2021, 15:10:06
  3.2151, 2.92369,  31.8332, 03-11-2021, 15:15:06
  3.2043, 2.92354,  31.8420, 03-11-2021, 15:20:06
  3.2170, 2.92412,  31.8365, 03-11-2021, 15:25:06
  3.2598, 2.92566,  31.8128, 03-11-2021, 15:30:06
  3.2268, 2.92489,  31.8361, 03-11-2021, 15:35:06
  3.2187, 2.92418,  31.8355, 03-11-2021, 15:40:06
  3.2285, 2.92384,  31.8218, 03-11-2021, 15:45:06
  3.2230, 2.92488,  31.8397, 03-11-2021, 15:50:06
  3.2309, 2.92351,  31.8155, 03-11-2021, 15:55:06
  3.2375, 2.92396,  31.8144, 03-11-2021, 16:00:06
  3.2688, 2.92589,  31.8067, 03-11-2021, 16:05:06
  3.2901, 2.92698,  31.7989, 03-11-2021, 16:10:06
  3.2712, 2.92696,  31.8172, 03-11-2021, 16:15:06
  3.2678, 2.92667,  31.8171, 03-11-2021, 16:20:06
  3.2702, 2.92681,  31.8164, 03-11-2021, 16:25:06
  3.2872, 2.92730,  31.8056, 03-11-2021, 16:30:06
  3.2856, 2.92814,  31.8172, 03-11-2021, 16:35:06
  3.2973, 2.92849,  31.8099, 03-11-2021, 16:40:06
  3.3019, 2.92937,  31.8159, 03-11-2021, 16:45:06
  3.3099, 2.92962,  31.8111, 03-11-2021, 16:50:06
  3.3045, 2.92995,  31.8203, 03-11-2021, 16:55:06
  3.3007, 2.92976,  31.8218, 03-11-2021, 17:00:06
  3.2923, 2.92948,  31.8267, 03-11-2021, 17:05:06
  3.2890, 2.92850,  31.8182, 03-11-2021, 17:10:06
  3.2972, 2.92885,  31.8143, 03-11-2021, 17:15:06
  3.3338, 2.93047,  31.7978, 03-11-2021, 17:20:06
  3.3286, 2.93241,  31.8261, 03-11-2021, 17:25:06
  3.3155, 2.93116,  31.8240, 03-11-2021, 17:30:06
  3.3193, 2.93067,  31.8144, 03-11-2021, 17:35:06
  3.3327, 2.93137,  31.8096, 03-11-2021, 17:40:06
  3.3310, 2.93212,  31.8203, 03-11-2021, 17:45:06
  3.3424, 2.93249,  31.8135, 03-11-2021, 17:50:06
  3.3562, 2.93293,  31.8052, 03-11-2021, 17:55:06
  3.3565, 2.93391,  31.8167, 03-11-2021, 18:00:06
  3.3434, 2.93318,  31.8208, 03-11-2021, 18:05:06
  3.3531, 2.93436,  31.8254, 03-11-2021, 18:10:06
  3.3680, 2.93479,  31.8159, 03-11-2021, 18:15:06
  3.3845, 2.93590,  31.8130, 03-11-2021, 18:20:06
  3.3624, 2.93492,  31.8230, 03-11-2021, 18:25:06
  3.3796, 2.93545,  31.8124, 03-11-2021, 18:30:06
  3.3845, 2.93690,  31.8250, 03-11-2021, 18:35:06
  3.3888, 2.93683,  31.8199, 03-11-2021, 18:40:06
  3.4079, 2.93780,  31.8127, 03-11-2021, 18:45:06
  3.4029, 2.93864,  31.8277, 03-11-2021, 18:50:06
  3.4207, 2.93986,  31.8248, 03-11-2021, 18:55:06
  3.4435, 2.94078,  31.8134, 03-11-2021, 19:00:06
  3.4167, 2.94040,  31.8352, 03-11-2021, 19:05:06
  3.4104, 2.93982,  31.8344, 03-11-2021, 19:10:06
  3.4253, 2.93971,  31.8185, 03-11-2021, 19:15:06
  3.4649, 2.94215,  31.8088, 03-11-2021, 19:20:06
  3.4495, 2.94192,  31.8212, 03-11-2021, 19:25:06
  3.4584, 2.94255,  31.8199, 03-11-2021, 19:30:06
  3.4584, 2.94353,  31.8317, 03-11-2021, 19:35:06
  3.4565, 2.94250,  31.8212, 03-11-2021, 19:40:06
  3.4796, 2.94399,  31.8163, 03-11-2021, 19:45:06
  3.5002, 2.94599,  31.8200, 03-11-2021, 19:50:06
  3.5015, 2.94654,  31.8253, 03-11-2021, 19:55:06
  3.5011, 2.94646,  31.8247, 03-11-2021, 20:00:06
  3.5154, 2.94678,  31.8145, 03-11-2021, 20:05:06
  3.5138, 2.94774,  31.8276, 03-11-2021, 20:10:06
  3.5229, 2.94910,  31.8348, 03-11-2021, 20:15:06
  3.5475, 2.94993,  31.8206, 03-11-2021, 20:20:06
  3.5805, 2.95416,  31.8387, 03-11-2021, 20:25:06
  3.6303, 2.95452,  31.7942, 03-11-2021, 20:30:06
  3.5809, 2.95734,  31.8761, 03-11-2021, 20:35:06
  3.6421, 2.95566,  31.7963, 03-11-2021, 20:40:06
  3.6268, 2.95666,  31.8231, 03-11-2021, 20:45:06
  3.6486, 2.95757,  31.8126, 03-11-2021, 20:50:06
  3.6452, 2.96087,  31.8551, 03-11-2021, 20:55:06
  3.6807, 2.96186,  31.8322, 03-11-2021, 21:00:06
  3.6483, 2.96070,  31.8501, 03-11-2021, 21:05:06
  3.6544, 2.95914,  31.8256, 03-11-2021, 21:10:06
  3.6474, 2.95994,  31.8419, 03-11-2021, 21:15:06
  3.6482, 2.96044,  31.8471, 03-11-2021, 21:20:06
  3.6359, 2.95896,  31.8415, 03-11-2021, 21:25:06
  3.6235, 2.95833,  31.8462, 03-11-2021, 21:30:06
  3.6180, 2.95799,  31.8475, 03-11-2021, 21:35:06
  3.6103, 2.95729,  31.8467, 03-11-2021, 21:40:06
  3.5958, 2.95626,  31.8487, 03-11-2021, 21:45:06
  3.5801, 2.95505,  31.8497, 03-11-2021, 21:50:06
  3.5625, 2.95360,  31.8497, 03-11-2021, 21:55:06
  3.5541, 2.95288,  31.8493, 03-11-2021, 22:00:06
  3.5581, 2.95238,  31.8394, 03-11-2021, 22:05:06
  3.5643, 2.95248,  31.8346, 03-11-2021, 22:10:06
  3.5593, 2.95286,  31.8440, 03-11-2021, 22:15:06
  3.5602, 2.95325,  31.8477, 03-11-2021, 22:20:06
  3.5620, 2.95302,  31.8432, 03-11-2021, 22:25:06
  3.5667, 2.95317,  31.8404, 03-11-2021, 22:30:06
  3.5720, 2.95358,  31.8401, 03-11-2021, 22:35:06
  3.5687, 2.95363,  31.8439, 03-11-2021, 22:40:06
  3.5636, 2.95332,  31.8452, 03-11-2021, 22:45:06
  3.5566, 2.95276,  31.8454, 03-11-2021, 22:50:06
  3.5373, 2.95163,  31.8509, 03-11-2021, 22:55:06
  3.5149, 2.94960,  31.8486, 03-11-2021, 23:00:06
  3.5071, 2.94879,  31.8466, 03-11-2021, 23:05:06
  3.4861, 2.94744,  31.8511, 03-11-2021, 23:10:06
  3.4735, 2.94643,  31.8515, 03-11-2021, 23:15:06
  3.4619, 2.94510,  31.8470, 03-11-2021, 23:20:06
  3.4548, 2.94424,  31.8437, 03-11-2021, 23:25:06
  3.4440, 2.94350,  31.8454, 03-11-2021, 23:30:06
  3.4376, 2.94301,  31.8459, 03-11-2021, 23:35:06
  3.4347, 2.94261,  31.8439, 03-11-2021, 23:40:06
  3.4367, 2.94265,  31.8424, 03-11-2021, 23:45:06
  3.4397, 2.94267,  31.8397, 03-11-2021, 23:50:06
  3.4458, 2.94307,  31.8385, 03-11-2021, 23:55:06
  3.4490, 2.94330,  31.8381, 03-12-2021, 00:00:06
  3.4549, 2.94368,  31.8369, 03-12-2021, 00:05:06
  3.4586, 2.94412,  31.8385, 03-12-2021, 00:10:06
  3.4644, 2.94462,  31.8388, 03-12-2021, 00:15:06
  3.4695, 2.94534,  31.8424, 03-12-2021, 00:20:06
  3.4850, 2.94623,  31.8378, 03-12-2021, 00:25:06
  3.4866, 2.94695,  31.8448, 03-12-2021, 00:30:06
  3.4813, 2.94696,  31.8501, 03-12-2021, 00:35:06
  3.4766, 2.94667,  31.8513, 03-12-2021, 00:40:06
  3.4768, 2.94664,  31.8507, 03-12-2021, 00:45:06
  3.4836, 2.94683,  31.8463, 03-12-2021, 00:50:06
  3.4853, 2.94710,  31.8479, 03-12-2021, 00:55:06
  3.4854, 2.94728,  31.8499, 03-12-2021, 01:00:06
  3.4864, 2.94749,  31.8514, 03-12-2021, 01:05:06
  3.4918, 2.94778,  31.8496, 03-12-2021, 01:10:06
  3.4923, 2.94786,  31.8501, 03-12-2021, 01:15:06
  3.4936, 2.94811,  31.8518, 03-12-2021, 01:20:06
  3.4942, 2.94823,  31.8526, 03-12-2021, 01:25:06
  3.4944, 2.94828,  31.8530, 03-12-2021, 01:30:06
  3.4925, 2.94826,  31.8546, 03-12-2021, 01:35:06
  3.4955, 2.94798,  31.8484, 03-12-2021, 01:40:06
  3.4861, 2.94788,  31.8564, 03-12-2021, 01:45:06
  3.4846, 2.94773,  31.8561, 03-12-2021, 01:50:06
  3.4802, 2.94729,  31.8551, 03-12-2021, 01:55:06
  3.4754, 2.94687,  31.8548, 03-12-2021, 02:00:06
  3.4868, 2.94728,  31.8485, 03-12-2021, 02:05:06
  3.4834, 2.94709,  31.8496, 03-12-2021, 02:10:06
  3.5181, 2.94879,  31.8359, 03-12-2021, 02:15:06
  3.5189, 2.95007,  31.8503, 03-12-2021, 02:20:06
  3.5124, 2.95046,  31.8614, 03-12-2021, 02:25:06
  3.5173, 2.95022,  31.8537, 03-12-2021, 02:30:06
  3.5196, 2.95073,  31.8575, 03-12-2021, 02:35:06
  3.5065, 2.94942,  31.8548, 03-12-2021, 02:40:06
  3.4850, 2.94864,  31.8665, 03-12-2021, 02:45:06
  3.4811, 2.94747,  31.8564, 03-12-2021, 02:50:06
  3.4957, 2.94782,  31.8463, 03-12-2021, 02:55:06
  3.5020, 2.94806,  31.8429, 03-12-2021, 03:00:06
  3.4940, 2.94820,  31.8525, 03-12-2021, 03:05:06
  3.4929, 2.94783,  31.8491, 03-12-2021, 03:10:06
  3.4836, 2.94769,  31.8566, 03-12-2021, 03:15:06
  3.4908, 2.94757,  31.8481, 03-12-2021, 03:20:06
  3.4920, 2.94823,  31.8548, 03-12-2021, 03:25:06
  3.4907, 2.94813,  31.8549, 03-12-2021, 03:30:06
  3.4845, 2.94773,  31.8562, 03-12-2021, 03:35:06
  3.4838, 2.94741,  31.8530, 03-12-2021, 03:40:06
  3.4795, 2.94718,  31.8545, 03-12-2021, 03:45:06
  3.4724, 2.94694,  31.8586, 03-12-2021, 03:50:06
  3.4752, 2.94659,  31.8517, 03-12-2021, 03:55:06
  3.4724, 2.94660,  31.8546, 03-12-2021, 04:00:06
  3.4778, 2.94667,  31.8501, 03-12-2021, 04:05:06
  3.4703, 2.94642,  31.8545, 03-12-2021, 04:10:06
  3.4779, 2.94638,  31.8465, 03-12-2021, 04:15:06
  3.4712, 2.94641,  31.8535, 03-12-2021, 04:20:06
  3.4834, 2.94641,  31.8415, 03-12-2021, 04:25:06
  3.4770, 2.94682,  31.8527, 03-12-2021, 04:30:06
  3.4678, 2.94632,  31.8557, 03-12-2021, 04:35:06
  3.4688, 2.94601,  31.8511, 03-12-2021, 04:40:06
  3.4795, 2.94630,  31.8440, 03-12-2021, 04:45:06
  3.4791, 2.94683,  31.8507, 03-12-2021, 04:50:06
  3.4807, 2.94695,  31.8506, 03-12-2021, 04:55:06
  3.4882, 2.94738,  31.8484, 03-12-2021, 05:00:06
  3.4828, 2.94716,  31.8510, 03-12-2021, 05:05:06
  3.5009, 2.94786,  31.8416, 03-12-2021, 05:10:06
  3.4940, 2.94781,  31.8478, 03-12-2021, 05:15:06
  3.4966, 2.94783,  31.8455, 03-12-2021, 05:20:06
  3.4995, 2.94808,  31.8456, 03-12-2021, 05:25:06
  3.5246, 2.94939,  31.8366, 03-12-2021, 05:30:06
  3.5253, 2.95012,  31.8447, 03-12-2021, 05:35:06
  3.5239, 2.95019,  31.8469, 03-12-2021, 05:40:06
  3.5208, 2.95024,  31.8505, 03-12-2021, 05:45:06
  3.5306, 2.95111,  31.8513, 03-12-2021, 05:50:06
  3.5638, 2.95188,  31.8279, 03-12-2021, 05:55:06
  3.5810, 2.95362,  31.8318, 03-12-2021, 06:00:06
  3.5703, 2.95415,  31.8486, 03-12-2021, 06:05:06
  3.5753, 2.95412,  31.8433, 03-12-2021, 06:10:06
  3.5715, 2.95425,  31.8486, 03-12-2021, 06:15:06
  3.5923, 2.95549,  31.8430, 03-12-2021, 06:20:06
  3.5889, 2.95568,  31.8485, 03-12-2021, 06:25:06
  3.5944, 2.95559,  31.8421, 03-12-2021, 06:30:06
  3.5951, 2.95606,  31.8470, 03-12-2021, 06:35:06
  3.5896, 2.95577,  31.8489, 03-12-2021, 06:40:06
  3.6000, 2.95604,  31.8420, 03-12-2021, 06:45:06
  3.6112, 2.95748,  31.8481, 03-12-2021, 06:50:06
  3.6021, 2.95692,  31.8504, 03-12-2021, 06:55:06
  3.5903, 2.95626,  31.8541, 03-12-2021, 07:00:06
  3.5941, 2.95605,  31.8479, 03-12-2021, 07:05:06
  3.5978, 2.95601,  31.8438, 03-12-2021, 07:10:07
  3.5893, 2.95574,  31.8489, 03-12-2021, 07:15:07
  3.5914, 2.95542,  31.8430, 03-12-2021, 07:20:07
  3.6011, 2.95618,  31.8425, 03-12-2021, 07:25:07
  3.6121, 2.95724,  31.8444, 03-12-2021, 07:30:07
  3.6183, 2.95774,  31.8443, 03-12-2021, 07:35:07
  3.6118, 2.95769,  31.8500, 03-12-2021, 07:40:07
  3.6077, 2.95741,  31.8507, 03-12-2021, 07:45:07
