stglib/tests/data/mc3575.asc
* Sea-Bird SBE37 Data File:
* FileName = C:\Users\STG FIELD\data\CCB21\mc3575\mc3575.asc
* Software Version 1.59
* Temperature SN = 3575
* Conductivity SN = 3575
* System UpLoad Time = Apr 12 2021 19:38:00
** Temperature (C)
** Conductivity (S/m)
** Salinity (psu)
*END*
[from data line 4482]
  3.1297, 2.91241,  31.7816, 03-24-2021, 13:15:06
  3.1414, 2.91277,  31.7744, 03-24-2021, 13:20:06
  3.1322, 2.91219,  31.7765, 03-24-2021, 13:25:06
  3.1232, 2.91170,  31.7795, 03-24-2021, 13:30:06
  3.1227, 2.91189,  31.7822, 03-24-2021, 13:35:06
  3.1078, 2.91139,  31.7909, 03-24-2021, 13:40:06
  3.1059, 2.91083,  31.7860, 03-24-2021, 13:45:06
  3.1115, 2.91070,  31.7789, 03-24-2021, 13:50:06
  3.1101, 2.91043,  31.7771, 03-24-2021, 13:55:06
  3.1241, 2.91077,  31.7674, 03-24-2021, 14:00:06
  3.1226, 2.91084,  31.7697, 03-24-2021, 14:05:06
  3.1262, 2.91090,  31.7669, 03-24-2021, 14:10:06
  3.1278, 2.91096,  31.7660, 03-24-2021, 14:15:06
  3.1314, 2.91120,  31.7654, 03-24-2021, 14:20:06
  3.1380, 2.91172,  31.7651, 03-24-2021, 14:25:06
  3.1410, 2.91208,  31.7665, 03-24-2021, 14:30:06
  3.1435, 2.91234,  31.7672, 03-24-2021, 14:35:06
  3.1480, 2.91273,  31.7674, 03-24-2021, 14:40:06
  3.1435, 2.91282,  31.7729, 03-24-2021, 14:45:06
  3.1418, 2.91276,  31.7739, 03-24-2021, 14:50:06
  3.1306, 2.91195,  31.7752, 03-24-2021, 14:55:06
  3.1277, 2.91177,  31.7759, 03-24-2021, 15:00:06
  3.1531, 2.91286,  31.7640, 03-24-2021, 15:05:06
  3.1551, 2.91378,  31.7731, 03-24-2021, 15:10:06
  3.1515, 2.91378,  31.7766, 03-24-2021, 15:15:06
  3.1625, 2.91426,  31.7716, 03-24-2021, 15:20:06
  3.1673, 2.91473,  31.7725, 03-24-2021, 15:25:06
  3.1713, 2.91516,  31.7737, 03-24-2021, 15:30:06
  3.1802, 2.91587,  31.7735, 03-24-2021, 15:35:06
  3.1809, 2.91619,  31.7767, 03-24-2021, 15:40:06
  3.1853, 2.91646,  31.7756, 03-24-2021, 15:45:06
  3.1885, 2.91680,  31.7765, 03-24-2021, 15:50:06
  3.1939, 2.91725,  31.7766, 03-24-2021, 15:55:06
  3.1963, 2.91757,  31.7781, 03-24-2021, 16:00:06
  3.2038, 2.91796,  31.7754, 03-24-2021, 16:05:06
  3.2105, 2.91839,  31.7740, 03-24-2021, 16:10:06
  3.2155, 2.91887,  31.7749, 03-24-2021, 16:15:06
  3.2154, 2.91917,  31.7786, 03-24-2021, 16:20:06
  3.2183, 2.91940,  31.7785, 03-24-2021, 16:25:06
  3.2302, 2.91973,  31.7707, 03-24-2021, 16:30:06
  3.2290, 2.91991,  31.7741, 03-24-2021, 16:35:06
  3.2318, 2.92002,  31.7727, 03-24-2021, 16:40:06
  3.2344, 2.92037,  31.7743, 03-24-2021, 16:45:06
  3.2376, 2.92067,  31.7748, 03-24-2021, 16:50:06
  3.2366, 2.92076,  31.7768, 03-24-2021, 16:55:06
  3.2410, 2.92105,  31.7760, 03-24-2021, 17:00:06
  3.2432, 2.92155,  31.7798, 03-24-2021, 17:05:06
  3.2460, 2.92137,  31.7749, 03-24-2021, 17:10:06
  3.2444, 2.92167,  31.7801, 03-24-2021, 17:15:06
  3.2508, 2.92160,  31.7730, 03-24-2021, 17:20:06
  3.2465, 2.92158,  31.7769, 03-24-2021, 17:25:06
  3.2487, 2.92177,  31.7771, 03-24-2021, 17:30:06
  3.2502, 2.92156,  31.7731, 03-24-2021, 17:35:06
  3.2514, 2.92102,  31.7654, 03-24-2021, 17:40:06
  3.2515, 2.92084,  31.7631, 03-24-2021, 17:45:06
  3.2571, 2.92102,  31.7598, 03-24-2021, 17:50:06
  3.2765, 2.92211,  31.7538, 03-24-2021, 17:55:06
  3.2841, 2.92303,  31.7574, 03-24-2021, 18:00:06
  3.2603, 2.92185,  31.7666, 03-24-2021, 18:05:06
  3.2715, 2.92190,  31.7562, 03-24-2021, 18:10:06
  3.2711, 2.92180,  31.7554, 03-24-2021, 18:15:06
  3.2722, 2.92208,  31.7577, 03-24-2021, 18:20:06
  3.2679, 2.92158,  31.7559, 03-24-2021, 18:25:06
  3.2811, 2.92155,  31.7426, 03-24-2021, 18:30:06
  3.2768, 2.92179,  31.7497, 03-24-2021, 18:35:06
  3.2683, 2.92113,  31.7501, 03-24-2021, 18:40:06
  3.2720, 2.92115,  31.7467, 03-24-2021, 18:45:06
  3.2663, 2.92073,  31.7473, 03-24-2021, 18:50:06
  3.2693, 2.92065,  31.7434, 03-24-2021, 18:55:06
  3.2686, 2.92122,  31.7509, 03-24-2021, 19:00:06
  3.2692, 2.92112,  31.7491, 03-24-2021, 19:05:06
  3.2603, 2.92029,  31.7479, 03-24-2021, 19:10:06
  3.2636, 2.91976,  31.7383, 03-24-2021, 19:15:06
  3.2589, 2.91935,  31.7380, 03-24-2021, 19:20:06
  3.2628, 2.91913,  31.7315, 03-24-2021, 19:25:06
  3.2560, 2.91897,  31.7363, 03-24-2021, 19:30:06
  3.2561, 2.91899,  31.7364, 03-24-2021, 19:35:06
  3.2550, 2.91905,  31.7382, 03-24-2021, 19:40:06
  3.2449, 2.91865,  31.7433, 03-24-2021, 19:45:06
  3.2432, 2.91844,  31.7425, 03-24-2021, 19:50:06
  3.2414, 2.91834,  31.7430, 03-24-2021, 19:55:06
  3.2330, 2.91808,  31.7482, 03-24-2021, 20:00:06
  3.2330, 2.91773,  31.7440, 03-24-2021, 20:05:06
  3.2272, 2.91779,  31.7504, 03-24-2021, 20:10:06
  3.2282, 2.91773,  31.7487, 03-24-2021, 20:15:06
  3.2288, 2.91792,  31.7504, 03-24-2021, 20:20:06
  3.2209, 2.91797,  31.7587, 03-24-2021, 20:25:06
  3.2212, 2.91768,  31.7550, 03-24-2021, 20:30:06
  3.2175, 2.91748,  31.7562, 03-24-2021, 20:35:06
  3.2491, 2.91787,  31.7298, 03-24-2021, 20:40:06
  3.2661, 2.92090,  31.7495, 03-24-2021, 20:45:06
  3.2506, 2.92074,  31.7628, 03-24-2021, 20:50:06
  3.2439, 2.91996,  31.7600, 03-24-2021, 20:55:06
  3.2386, 2.91954,  31.7602, 03-24-2021, 21:00:06
  3.2326, 2.91948,  31.7654, 03-24-2021, 21:05:06
  3.2393, 2.91975,  31.7620, 03-24-2021, 21:10:06
  3.2243, 2.92006,  31.7805, 03-24-2021, 21:15:06
  3.2455, 2.92087,  31.7694, 03-24-2021, 21:20:06
  3.2335, 2.92079,  31.7802, 03-24-2021, 21:25:06
  3.2323, 2.92049,  31.7778, 03-24-2021, 21:30:06
  3.2375, 2.92121,  31.7813, 03-24-2021, 21:35:06
  3.2284, 2.92130,  31.7914, 03-24-2021, 21:40:06
  3.2348, 2.92126,  31.7846, 03-24-2021, 21:45:06
  3.2393, 2.92141,  31.7820, 03-24-2021, 21:50:06
  3.2365, 2.92131,  31.7835, 03-24-2021, 21:55:06
  3.2288, 2.92100,  31.7874, 03-24-2021, 22:00:06
  3.2239, 2.92119,  31.7945, 03-24-2021, 22:05:06
  3.2362, 2.92184,  31.7902, 03-24-2021, 22:10:06
  3.2404, 2.92235,  31.7922, 03-24-2021, 22:15:06
  3.2285, 2.92253,  31.8061, 03-24-2021, 22:20:06
  3.2416, 2.92291,  31.7977, 03-24-2021, 22:25:06
  3.2403, 2.92323,  31.8028, 03-24-2021, 22:30:06
  3.2385, 2.92344,  31.8071, 03-24-2021, 22:35:06
  3.2403, 2.92363,  31.8077, 03-24-2021, 22:40:06
  3.2417, 2.92387,  31.8092, 03-24-2021, 22:45:06
  3.2427, 2.92384,  31.8078, 03-24-2021, 22:50:06
  3.2418, 2.92400,  31.8106, 03-24-2021, 22:55:06
  3.2460, 2.92402,  31.8067, 03-24-2021, 23:00:06
  3.2490, 2.92427,  31.8068, 03-24-2021, 23:05:06
  3.2439, 2.92443,  31.8137, 03-24-2021, 23:10:06
  3.2538, 2.92504,  31.8113, 03-24-2021, 23:15:06
  3.2489, 2.92478,  31.8130, 03-24-2021, 23:20:06
  3.2448, 2.92497,  31.8193, 03-24-2021, 23:25:06
  3.2416, 2.92528,  31.8262, 03-24-2021, 23:30:06
  3.2540, 2.92542,  31.8157, 03-24-2021, 23:35:06
  3.2469, 2.92544,  31.8229, 03-24-2021, 23:40:06
  3.2503, 2.92571,  31.8228, 03-24-2021, 23:45:06
  3.2503, 2.92559,  31.8214, 03-24-2021, 23:50:06
  3.2484, 2.92538,  31.8207, 03-24-2021, 23:55:06
  3.2467, 2.92548,  31.8236, 03-25-2021, 00:00:06
  3.2377, 2.92505,  31.8273, 03-25-2021, 00:05:06
  3.2448, 2.92494,  31.8190, 03-25-2021, 00:10:06
  3.2543, 2.92556,  31.8171, 03-25-2021, 00:15:06
  3.2534, 2.92636,  31.8275, 03-25-2021, 00:20:06
  3.2567, 2.92592,  31.8190, 03-25-2021, 00:25:06
  3.2574, 2.92629,  31.8228, 03-25-2021, 00:30:06
  3.2623, 2.92661,  31.8218, 03-25-2021, 00:35:06
  3.2596, 2.92670,  31.8255, 03-25-2021, 00:40:06
  3.2589, 2.92660,  31.8250, 03-25-2021, 00:45:06
  3.2600, 2.92664,  31.8244, 03-25-2021, 00:50:06
  3.2628, 2.92684,  31.8241, 03-25-2021, 00:55:06
  3.2599, 2.92687,  31.8273, 03-25-2021, 01:00:06
  3.2596, 2.92673,  31.8259, 03-25-2021, 01:05:06
  3.2596, 2.92672,  31.8258, 03-25-2021, 01:10:06
  3.2595, 2.92688,  31.8278, 03-25-2021, 01:15:06
  3.2444, 2.92657,  31.8389, 03-25-2021, 01:20:06
  3.2468, 2.92596,  31.8292, 03-25-2021, 01:25:06
  3.2425, 2.92575,  31.8310, 03-25-2021, 01:30:06
  3.2597, 2.92620,  31.8194, 03-25-2021, 01:35:06
  3.2550, 2.92625,  31.8247, 03-25-2021, 01:40:06
  3.2503, 2.92637,  31.8307, 03-25-2021, 01:45:06
  3.2543, 2.92610,  31.8235, 03-25-2021, 01:50:06
  3.2468, 2.92604,  31.8302, 03-25-2021, 01:55:06
  3.2289, 2.92450,  31.8293, 03-25-2021, 02:00:06
  3.2273, 2.92395,  31.8243, 03-25-2021, 02:05:06
  3.2350, 2.92427,  31.8206, 03-25-2021, 02:10:06
  3.2263, 2.92409,  31.8270, 03-25-2021, 02:15:06
  3.2289, 2.92401,  31.8234, 03-25-2021, 02:20:06
  3.2333, 2.92391,  31.8179, 03-25-2021, 02:25:06
  3.2457, 2.92488,  31.8174, 03-25-2021, 02:30:06
  3.2419, 2.92497,  31.8222, 03-25-2021, 02:35:06
  3.2419, 2.92488,  31.8211, 03-25-2021, 02:40:06
  3.2285, 2.92446,  31.8292, 03-25-2021, 02:45:06
  3.2321, 2.92414,  31.8219, 03-25-2021, 02:50:06
  3.2219, 2.92367,  31.8263, 03-25-2021, 02:55:06
  3.2285, 2.92357,  31.8185, 03-25-2021, 03:00:06
  3.2277, 2.92386,  31.8228, 03-25-2021, 03:05:06
  3.2278, 2.92371,  31.8209, 03-25-2021, 03:10:06
  3.2248, 2.92372,  31.8240, 03-25-2021, 03:15:06
  3.2205, 2.92320,  31.8220, 03-25-2021, 03:20:06
  3.2221, 2.92251,  31.8121, 03-25-2021, 03:25:06
  3.2133, 2.92262,  31.8221, 03-25-2021, 03:30:06
  3.2085, 2.92193,  31.8185, 03-25-2021, 03:35:06
  3.2131, 2.92136,  31.8072, 03-25-2021, 03:40:06
  3.2031, 2.92144,  31.8180, 03-25-2021, 03:45:06
  3.2043, 2.92186,  31.8218, 03-25-2021, 03:50:06
  3.2047, 2.92160,  31.8183, 03-25-2021, 03:55:06
  3.2039, 2.92149,  31.8178, 03-25-2021, 04:00:06
  3.2056, 2.92161,  31.8175, 03-25-2021, 04:05:06
  3.2065, 2.92166,  31.8173, 03-25-2021, 04:10:06
  3.2075, 2.92163,  31.8159, 03-25-2021, 04:15:06
  3.2067, 2.92134,  31.8132, 03-25-2021, 04:20:06
  3.2058, 2.92156,  31.8167, 03-25-2021, 04:25:06
  3.2019, 2.92097,  31.8135, 03-25-2021, 04:30:06
  3.2028, 2.92071,  31.8095, 03-25-2021, 04:35:06
  3.1978, 2.92045,  31.8113, 03-25-2021, 04:40:06
  3.2018, 2.92003,  31.8023, 03-25-2021, 04:45:06
  3.1953, 2.91970,  31.8047, 03-25-2021, 04:50:06
  3.1905, 2.91936,  31.8054, 03-25-2021, 04:55:06
  3.1922, 2.91943,  31.8045, 03-25-2021, 05:00:06
  3.1872, 2.91903,  31.8046, 03-25-2021, 05:05:06
  3.1891, 2.91902,  31.8027, 03-25-2021, 05:10:06
  3.1833, 2.91890,  31.8069, 03-25-2021, 05:15:06
  3.1799, 2.91888,  31.8100, 03-25-2021, 05:20:06
  3.1844, 2.91880,  31.8046, 03-25-2021, 05:25:06
  3.1831, 2.91869,  31.8046, 03-25-2021, 05:30:06
  3.1833, 2.91874,  31.8050, 03-25-2021, 05:35:06
  3.1847, 2.91871,  31.8033, 03-25-2021, 05:40:06
  3.1845, 2.91875,  31.8039, 03-25-2021, 05:45:06
  3.1877, 2.91897,  31.8034, 03-25-2021, 05:50:06
  3.1884, 2.91909,  31.8042, 03-25-2021, 05:55:06
  3.1890, 2.91917,  31.8046, 03-25-2021, 06:00:06
  3.1897, 2.91926,  31.8049, 03-25-2021, 06:05:06
  3.1886, 2.91945,  31.8083, 03-25-2021, 06:10:06
  3.1906, 2.91945,  31.8063, 03-25-2021, 06:15:06
  3.1931, 2.91964,  31.8062, 03-25-2021, 06:20:06
  3.1971, 2.91977,  31.8038, 03-25-2021, 06:25:06
  3.1987, 2.91983,  31.8029, 03-25-2021, 06:30:06
  3.1963, 2.91978,  31.8047, 03-25-2021, 06:35:07
  3.2000, 2.91992,  31.8027, 03-25-2021, 06:40:07
  3.2018, 2.92010,  31.8031, 03-25-2021, 06:45:07
  3.2055, 2.92036,  31.8026, 03-25-2021, 06:50:07
  3.2058, 2.92058,  31.8050, 03-25-2021, 06:55:07
  3.2051, 2.92073,  31.8075, 03-25-2021, 07:00:07
  3.2096, 2.92116,  31.8082, 03-25-2021, 07:05:07
  3.2086, 2.92145,  31.8127, 03-25-2021, 07:10:07
  3.2115, 2.92165,  31.8122, 03-25-2021, 07:15:07
  3.2101, 2.92193,  31.8170, 03-25-2021, 07:20:07
  3.2079, 2.92197,  31.8196, 03-25-2021, 07:25:07
  3.2162, 2.92273,  31.8206, 03-25-2021, 07:30:07
  3.2192, 2.92304,  31.8213, 03-25-2021, 07:35:07
  3.2204, 2.92326,  31.8228, 03-25-2021, 07:40:07
  3.2188, 2.92346,  31.8268, 03-25-2021, 07:45:07
  3.2235, 2.92377,  31.8259, 03-25-2021, 07:50:07
  3.2224, 2.92396,  31.8292, 03-25-2021, 07:55:07
  3.2204, 2.92386,  31.8300, 03-25-2021, 08:00:07
  3.2229, 2.92389,  31.8279, 03-25-2021, 08:05:07
  3.2230, 2.92424,  31.8320, 03-25-2021, 08:10:07
  3.2210, 2.92374,  31.8280, 03-25-2021, 08:15:07
  3.2210, 2.92380,  31.8287, 03-25-2021, 08:20:07
  3.2249, 2.92423,  31.8300, 03-25-2021, 08:25:07
  3.2270, 2.92462,  31.8326, 03-25-2021, 08:30:07
  3.2260, 2.92486,  31.8365, 03-25-2021, 08:35:07
  3.2272, 2.92485,  31.8352, 03-25-2021, 08:40:07
  3.2331, 2.92507,  31.8320, 03-25-2021, 08:45:07
  3.2301, 2.92544,  31.8394, 03-25-2021, 08:50:07
  3.2318, 2.92522,  31.8351, 03-25-2021, 08:55:07
  3.2352, 2.92556,  31.8359, 03-25-2021, 09:00:07
  3.2331, 2.92557,  31.8381, 03-25-2021, 09:05:07
  3.2347, 2.92555,  31.8362, 03-25-2021, 09:10:07
  3.2332, 2.92569,  31.8394, 03-25-2021, 09:15:07
  3.2339, 2.92584,  31.8405, 03-25-2021, 09:20:07
  3.2349, 2.92600,  31.8414, 03-25-2021, 09:25:07
  3.2347, 2.92612,  31.8431, 03-25-2021, 09:30:07
  3.2347, 2.92620,  31.8440, 03-25-2021, 09:35:07
  3.2343, 2.92625,  31.8450, 03-25-2021, 09:40:07
  3.2338, 2.92635,  31.8467, 03-25-2021, 09:45:07
  3.2332, 2.92638,  31.8477, 03-25-2021, 09:50:07
  3.2326, 2.92642,  31.8488, 03-25-2021, 09:55:07
  3.2325, 2.92644,  31.8491, 03-25-2021, 10:00:07
  3.2321, 2.92648,  31.8500, 03-25-2021, 10:05:07
  3.2315, 2.92654,  31.8513, 03-25-2021, 10:10:07
  3.2315, 2.92653,  31.8512, 03-25-2021, 10:15:07
  3.2303, 2.92651,  31.8521, 03-25-2021, 10:20:07
  3.2291, 2.92646,  31.8527, 03-25-2021, 10:25:06
  3.2282, 2.92639,  31.8527, 03-25-2021, 10:30:06
  3.2284, 2.92637,  31.8523, 03-25-2021, 10:35:06
  3.2275, 2.92635,  31.8529, 03-25-2021, 10:40:06
  3.2266, 2.92630,  31.8532, 03-25-2021, 10:45:06
  3.2266, 2.92626,  31.8527, 03-25-2021, 10:50:06
  3.2267, 2.92623,  31.8523, 03-25-2021, 10:55:06
  3.2267, 2.92629,  31.8530, 03-25-2021, 11:00:06
  3.2262, 2.92631,  31.8537, 03-25-2021, 11:05:06
  3.2267, 2.92638,  31.8541, 03-25-2021, 11:10:06
  3.2278, 2.92652,  31.8547, 03-25-2021, 11:15:06
  3.2292, 2.92682,  31.8569, 03-25-2021, 11:20:06
  3.2298, 2.92698,  31.8582, 03-25-2021, 11:25:06
  3.2306, 2.92710,  31.8589, 03-25-2021, 11:30:06
  3.2299, 2.92719,  31.8607, 03-25-2021, 11:35:06
  3.2316, 2.92728,  31.8601, 03-25-2021, 11:40:06
  3.2320, 2.92732,  31.8602, 03-25-2021, 11:45:06
  3.2329, 2.92741,  31.8604, 03-25-2021, 11:50:06
  3.2341, 2.92752,  31.8605, 03-25-2021, 11:55:06
  3.2344, 2.92762,  31.8614, 03-25-2021, 12:00:06
  3.2361, 2.92772,  31.8609, 03-25-2021, 12:05:06
  3.2371, 2.92785,  31.8615, 03-25-2021, 12:10:06
  3.2381, 2.92790,  31.8611, 03-25-2021, 12:15:06
  3.2383, 2.92801,  31.8622, 03-25-2021, 12:20:06
  3.2388, 2.92807,  31.8625, 03-25-2021, 12:25:06
  3.2396, 2.92815,  31.8626, 03-25-2021, 12:30:06
  3.2403, 2.92828,  31.8635, 03-25-2021, 12:35:06
  3.2410, 2.92832,  31.8633, 03-25-2021, 12:40:06
  3.2415, 2.92838,  31.8635, 03-25-2021, 12:45:06
  3.2423, 2.92846,  31.8637, 03-25-2021, 12:50:06
  3.2421, 2.92846,  31.8639, 03-25-2021, 12:55:06
  3.2433, 2.92852,  31.8634, 03-25-2021, 13:00:06
  3.2440, 2.92863,  31.8641, 03-25-2021, 13:05:06
  3.2444, 2.92872,  31.8648, 03-25-2021, 13:10:06
  3.2460, 2.92877,  31.8638, 03-25-2021, 13:15:06
  3.2457, 2.92878,  31.8642, 03-25-2021, 13:20:06
  3.2480, 2.92891,  31.8635, 03-25-2021, 13:25:06
  3.2496, 2.92906,  31.8637, 03-25-2021, 13:30:06
  3.2491, 2.92911,  31.8648, 03-25-2021, 13:35:06
  3.2506, 2.92921,  31.8645, 03-25-2021, 13:40:06
  3.2510, 2.92928,  31.8650, 03-25-2021, 13:45:06
  3.2514, 2.92934,  31.8653, 03-25-2021, 13:50:06
  3.2531, 2.92945,  31.8649, 03-25-2021, 13:55:06
  3.2554, 2.92957,  31.8641, 03-25-2021, 14:00:06
  3.2558, 2.92967,  31.8649, 03-25-2021, 14:05:06
  3.2583, 2.92988,  31.8650, 03-25-2021, 14:10:06
  3.2590, 2.92999,  31.8656, 03-25-2021, 14:15:06
  3.2605, 2.93006,  31.8650, 03-25-2021, 14:20:06
  3.2605, 2.93017,  31.8663, 03-25-2021, 14:25:06
  3.2618, 2.93016,  31.8649, 03-25-2021, 14:30:06
  3.2633, 2.93013,  31.8631, 03-25-2021, 14:35:06
  3.2634, 2.93020,  31.8638, 03-25-2021, 14:40:06
  3.2646, 2.93016,  31.8621, 03-25-2021, 14:45:06
  3.2651, 2.93011,  31.8610, 03-25-2021, 14:50:06
  3.2676, 2.93002,  31.8575, 03-25-2021, 14:55:06
  3.2675, 2.92996,  31.8569, 03-25-2021, 15:00:06
  3.2693, 2.92991,  31.8545, 03-25-2021, 15:05:06
  3.2703, 2.92985,  31.8528, 03-25-2021, 15:10:06
  3.2715, 2.92987,  31.8519, 03-25-2021, 15:15:06
  3.2726, 2.92985,  31.8505, 03-25-2021, 15:20:06
  3.2734, 2.92986,  31.8499, 03-25-2021, 15:25:06
  3.2741, 2.93001,  31.8510, 03-25-2021, 15:30:06
  3.2758, 2.93008,  31.8501, 03-25-2021, 15:35:06
  3.2771, 2.93020,  31.8503, 03-25-2021, 15:40:06
  3.2778, 2.93024,  31.8501, 03-25-2021, 15:45:06
